$ANSIBLE_VAULT;1.2;AES256;spinemdev
31313564323166343663666465306265623230383839366332343634633837666336356331373737
6637663831363364656262666464373630303931626662650a373239323738363839613963376134
37646564666338663138626432346334306538656630646637323439383262396363376161333332
6261383061383164330a323032636666333633663439366437343863623163333932306662376337
32613537343637303562326536363032623933366334343361306461336266306337383139356437
33653033633339303939353262643130393338643366316264316538663933613632313836323733
39313130663738356130623436373565386531636131363033666561306463666265386464346263
66323561306233383764393861373031373739366332396531386362353731666364363732646634
39636336336463386637643235313461316165333530663639383665363832623636353061333262
64343062643163643131373632373133303135343831613237333832663638616336323730353866
38353063303530623634313430646538363132353364656531656133666534633833666336613062
62633265326135646434346263306438306539333935353534303965383632366233306630353466
33666663653434646365623464396463353633623338373031616236653361363366343335616661
32646331393466303239626330666364353737346231633262393637626530626335656134376633
37356435616663366562363833333137333338303333336232393336343135633533326232643666
35616262646438323139313137316336363332313561613230623163633530643664346230663332
62303934643264626361666361356631386466666539646363653864646462306337373437313633
65373865653332623230333537623362613137663339373231346133663232303838633238666162
62616533666462653130333030636330383564333331316433316439393534383536646638626637
65356333363866646335633763373965656637373030303934363830616365333961383065373264
36636162646237656536653138643936396365626434366130313035613934393831333834643938
38383537623730663161366565616132633532346636333265633638663063336162353731346637
36316430343961306136303934643764643530663033356639646431353237383864396439356531
66353038356436396265666439616632373565373731343965633133613235653730633466303464
35636333363939333732633061323230316166636436363432396530633134393931336132613431
39656433313465613835366437353934666331313132353064373766616466656336326630383936
63333766306664636233323433626335343461323066623039306135366534656335313261333762
31663437343039363264643035306662656435343863643733643031303236386235613036353735
63373532313539333035386262356564356338333037366633326536353634313037386262633138
37643434313735383534343236353138626165653064393831393538393566623162623039343931
66646464393862303235653432313834303834326362626639376539323934396333626439636661
62383637376337663838663434613163663739316161356434393534386535663265643832623066
39346632346438343861356239636664643230383135396361383038303739643663353231623535
65633564616330633332633037643837393131633131386237333465646435633264303161333866
61363335343161653433393261323833643039303138343833373164653963393764356364306134
35616135376135653732386639643434653130323664303862393431633835323366366365343863
35353536393031316362393539623738666338353862386134616439633133616434396166653966
36323336303732356262373566303633643635396665373863656334626666353337303565353865
66373363393461353466613837383838376262663336346437626132633338646235306633366561
36306661643331333835313232366364366464663833623238386332346633663237346436393261
32636565356162616431623865326133333933343962373835393162306636326331646463633731
37346632303961666239376166306462396365643930383838653431346465346266346634666132
64346333396635373863343036386130366366623133386434346362663536643435363439353265
61393039656632346363613839623363616430636662396639383236643330393261383935393833
35373732303332623033316635323737643639666337626234653930333664343365343933346239
65393533373931643131356631636263663364373336396538383937336532323737636637376463
61383963363538623436613033393232343532303237323836613934643930393334316263373336
38666533363033366530383538386461613833633439663236343333396133306265623436383232
66613864393165343034616161326332383535653265396132356237663061636230666139346332
62343263303837633930626461306564623564316137343335613730663732363237353630383133
39623636636536373438616534396339656664656161316261643861383865653837653937633739
64366162323532393537636132306363643065386335353236343337643236643231323331316239
39653932396666323839373937363561363736386563366437346362366438333262386233663965
62623039316565393731386437626465613334386566323634653634626336616332353865313866
38323337663261666662383264333736396163643835373164623230636266323830633934313533
39663734333161396431663930623231316130346433336264323738643036626365393362333564
61633137613539633138383737616633333963353866326661323461313465663830363236386134
63666664316466373264623437336531313837356564666434383337363436323832366634653736
36613463383632666262373862643963623036353738313138313332323436623562393266366564
35333765333634653932373965656362323938393631373865376531633766356261353464366232
31343932343865396130363762343132343063373032616136623831643835613532383134383330
38373838306530396433663930643835623437363135623637303265663030653136353666333233
31636632666361363738636465623730643737343637393536316463356233613062633835306131
33343335356633613966656533313063616137386435376165303564653337383633393766313161
32633132613764313633343632303936623562396439376339653533646264656531363533306563
39323266386436393761663434383738623832333463343936666366313861373039333264366166
39336261666133336161393835306534623134303236366233326263663361333439663838623463
38386634336239383063646432643961383837623764353134613264636665393765653137363935
37363236633234396135663037633132336261666634383364323434383634373565373064666534
39376235656635623231646561306432373961626632383533393539386563373262663630636232
34393266336665323563336434653732656130323736613931373761303033376665633439613935
61623037626435393837376566613038343463316337663631653831613161396638653331313161
33383434666338653063633330616635626363373066636664633333386165663764653434623762
32306634626634663435663036396634303661366137346131623163333231333939386266383431
35363063316531636564616663643530623063303930343237656134373939653832323539613434
64306465633030653137383365346435383266646235616534363034326132656164626434333363
37653539383166613835613739356166643630316466363430613035376230613666323566303237
35303137333437666665303662316162346565623035663339613366303563663062356430353233
66643762653365636265656162666164623839616535393862303432386131383837343364646333
38633231386163613563333935313337626132313362383835303462633364663765303732343561
65396230363638613362363065336565393862383435333265663838626137666662646361656230
36626137333836383164313639656363653662313535656237643839363435353762663466376434
30633466643565383839343837333833623038333935613064643835643733383265356139373762
66346335363461306238336535613063353338396263613135323065613937333030323062646664
65303564653636313331383462363038623831646164653664313562376239326437376231616138
33613838356433636562623461373537306234616662333961383334373263386161666463323530
65396533383530303963363862303630373434626138393338376162356461313564346162313061
61653832363130643062393737613665393530373264646333316462396261303965323461653131
66346462363661633336313433343161393961653566316663636430396363373631376664613066
30623063613032303365356162376666333562346539336662303937396539616464646430373362
61313730383036656639376561623662633534616534663933393430303537633239656364623332
38663161646237303164333239623638343237653432316230623164633964376235656438633662
30326534343737636437623062656438636161333136633463396266316465663335663835626234
37613138303566643333613964353030383633626263343939613037636135396232316364613062
34643030316539626431393932333836653730363866626233633465623137336133613832383631
31363933626139323463306134323038343337653439366233623235363130333065646564663661
66336231653337386239343565613130303862346664303235353936386263366163356138643333
3539623661316632363936396539313065663966623065646231
